9788193746868
9788193746875
9788193746899
9788193917190
9788193966945
9788193966938
9788193966969
9789389176100
9789389176223
9789389176193
9789389176247
9789389176254
9789389176339
9789389176346
9789389176483
9789389176490
9789389176544
9789389176704
9789389176711
9788194991151
9788194991106
9788194991120
9788194991175
9789391032494
9789391032487
9789391032425
9789391032357
9789391032579
9789391032593
9789391032685
9789391032623
9789391032746
9789391032661
9789391032760
9789391032777
9789391032753
9789391032975
9789391032913
9789391032845
9789391032814
9789391032852
9789391032227
9789391032371
9789391032258
9789391032456
9789391032678
9789391032210
9789395764087
9789391032449
9789395764186
9789395764148
9789395764124
9789395764384
9789395764179
9789395764254
9789395764421
9789395764322
9789395764162
9789395764544
9789395764490
9789395764537
9789395764841
9789395764605
9789395764551
9789395764681
9789395764919
9789395764995
9789395764742
9789395764971
9789395764889
9789395764698
9789395764759
9789395764735
9789395764728
9789395764803
9789395764773
9788197413537
9789395764858
9788197939273
9788197939297
9789395764926
9788197288333
9788197413599
9789389176919
9788198348838
9788197939266
9788198348845
9788198431103
9788198348890
9788198751256
9788198751225
9788198661159
9788198751218
9788198874078
9788198751270
9788198661197
9788198661142
9788198751232
9788198874054
9788198661128
9788198874009
9788198874092
9789395764599
9789395764568
9789395764575
9789395764582
9788199305243
9789389176803
9788199888142
9788198874023
